12871 -1 -2 
12735 -1 12755 -1 12779 -1 -2 
18583 -1 -2 
33449 -1 33461 -1 52973 -1 -2 
12603 -1 34889 -1 51929 -1 51933 -1 51937 -1 -2 
12447 -1 18499 -1 -2 
34909 -1 -2 
10315 -1 10335 -1 -2 
12755 -1 52425 -1 -2 
12655 -1 -2 
12611 -1 12621 -1 12723 -1 12759 -1 -2
12679 -1 -2
12895 -1 -2
12621 -1 -2
10299 -1 10303 -1 10307 -1 10315 -1 10331 -1 10335 -1 12483 -1 12679 -1 12683 -1 12763 -1 32205 -1 33433 -1 52425 -1 52973 -1 -2
18527 -1 18543 -1 18695 -1 18727 -1 -2
12611 -1 12755 -1 12771 -1 34889 -1 -2
34889 -1 -2
12759 -1 -2
10295 -1 10307 -1 10315 -1 -2
18427 -1 -2
12659 -1 -2
12691 -1 -2
10315 -1 12431 -1 12621 -1 18863 -1 -2
12675 -1 18415 -1 18447 -1 -2
12751 -1 -2
12723 -1 -2
35153 -1 35157 -1 35169 -1 35173 -1 48655 -1 -2
47965 -1 -2
12407 -1 18707 -1 -2
12603 -1 12621 -1 18507 -1 18547 -1 -2
12515 -1 12519 -1 47703 -1 -2
10295 -1 10299 -1 10307 -1 10315 -1 10335 -1 12487 -1 12495 -1 12523 -1 12647 -1 12655 -1 12679 -1 12695 -1 12703 -1 12795 -1 12831 -1 -2
10291 -1 10299 -1 12459 -1 12467 -1 -2
34897 -1 34901 -1 34905 -1 -2
12747 -1 -2
35201 -1 -2
12783 -1 12875 -1 -2
10833 -1 -2
12675 -1 48695 -1 -2
12559 -1 12563 -1 48687 -1 -2
12659 -1 12675 -1 18807 -1 18811 -1 18815 -1 18819 -1 33437 -1 33441 -1 33445 -1 34893 -1 34897 -1 34901 -1 34905 -1 34921 -1 34925 -1 47945 -1 47949 -1 47953 -1 47965 -1 -2
34889 -1 -2
12691 -1 12823 -1 -2
48667 -1 48675 -1 -2
10315 -1 -2
34893 -1 -2
12835 -1 12851 -1 -2
12779 -1 32201 -1 32205 -1 -2
34885 -1 34889 -1 34893 -1 -2
47277 -1 -2
34905 -1 -2
47277 -1 -2
12551 -1 12555 -1 -2
12559 -1 12563 -1 -2
10315 -1 -2
10295 -1 12559 -1 12567 -1 52961 -1 -2
12483 -1 12487 -1 -2
12559 -1 -2
34905 -1 -2
10315 -1 10877 -1 35193 -1 47953 -1 47965 -1 -2
10315 -1 10331 -1 10339 -1 12459 -1 12491 -1 12523 -1 12539 -1 12615 -1 12679 -1 12683 -1 12687 -1 12843 -1 12875 -1 -2
10877 -1 -2
18555 -1 18563 -1 18583 -1 -2
12663 -1 12783 -1 -2
32205 -1 48707 -1 -2
10315 -1 -2
10877 -1 12351 -1 12355 -1 12559 -1 -2
18547 -1 -2
33469 -1 -2
12751 -1 -2
12683 -1 12687 -1 12695 -1 -2
18499 -1 34905 -1 -2
34893 -1 -2
34897 -1 -2
33449 -1 -2
12807 -1 12867 -1 -2
34901 -1 -2
10307 -1 10311 -1 10319 -1 12715 -1 12763 -1 12779 -1 18567 -1 48575 -1 -2
34889 -1 34897 -1 34901 -1 34905 -1 -2
33445 -1 34909 -1 34921 -1 34925 -1 34929 -1 -2
12663 -1 -2
34893 -1 -2
18411 -1 -2
10299 -1 33429 -1 33449 -1 52973 -1 -2
34889 -1 34897 -1 34901 -1 34905 -1 -2
12795 -1 12879 -1 33441 -1 34905 -1 -2
12583 -1 12587 -1 -2
10295 -1 10315 -1 -2
18427 -1 -2
12531 -1 -2
12627 -1 12855 -1 12871 -1 -2
34889 -1 34897 -1 34905 -1 -2
10315 -1 18547 -1 -2
33441 -1 -2
12447 -1 -2
12355 -1 -2
34889 -1 34897 -1 34905 -1 -2
12895 -1 34885 -1 -2
34889 -1 34897 -1 34905 -1 -2
12627 -1 34889 -1 34901 -1 34905 -1 -2
34897 -1 -2
34885 -1 34889 -1 -2
10877 -1 12483 -1 12711 -1 12719 -1 18479 -1 18483 -1 18871 -1 18883 -1 -2
34889 -1 -2
12659 -1 -2
34905 -1 -2
12759 -1 12763 -1 18863 -1 -2
10315 -1 12431 -1 12621 -1 18863 -1 -2
12663 -1 12667 -1 12835 -1 12847 -1 -2
10331 -1 10335 -1 -2
18691 -1 -2
18619 -1 -2
12811 -1 -2
10335 -1 -2
12487 -1 12695 -1 12703 -1 34893 -1 -2
18691 -1 -2
12663 -1 12895 -1 -2
10327 -1 -2
10315 -1 12487 -1 12819 -1 -2
48651 -1 48663 -1 48671 -1 -2
12783 -1 -2
12779 -1 32201 -1 -2
18671 -1 -2
12615 -1 18499 -1 18619 -1 18787 -1 -2
10291 -1 10315 -1 10829 -1 10877 -1 12355 -1 12411 -1 12431 -1 12559 -1 12567 -1 12603 -1 12611 -1 12621 -1 12627 -1 12663 -1 12675 -1 12679 -1 12687 -1 12715 -1 12723 -1 12751 -1 12779 -1 12783 -1 12787 -1 12831 -1 12835 -1 12847 -1 12887 -1 12895 -1 18415 -1 18427 -1 18447 -1 18523 -1 18547 -1 18619 -1 18675 -1 18707 -1 18779 -1 18863 -1 32205 -1 35205 -1 47289 -1 47293 -1 47945 -1 47957 -1 47965 -1 48675 -1 48683 -1 -2
18587 -1 32213 -1 -2
12695 -1 -2
12711 -1 12723 -1 -2
12603 -1 -2
12299 -1 12663 -1 12771 -1 48683 -1 -2
12523 -1 -2
34905 -1 -2
33449 -1 -2
10295 -1 10315 -1 12483 -1 12487 -1 32205 -1 32213 -1 -2
34905 -1 -2
10853 -1 12359 -1 12611 -1 12615 -1 18431 -1 34925 -1 34929 -1 -2
12621 -1 -2
12735 -1 -2
18847 -1 -2
34901 -1 -2
12659 -1 12675 -1 -2
12799 -1 12879 -1 -2
47945 -1 47957 -1 -2
18575 -1 -2
10315 -1 -2
34893 -1 -2
18871 -1 -2
18723 -1 -2
10315 -1 -2
10307 -1 10311 -1 10315 -1 12679 -1 -2
12855 -1 -2
12887 -1 -2
51937 -1 -2
10295 -1 10307 -1 10311 -1 10315 -1 10319 -1 10331 -1 12703 -1 32205 -1 32213 -1 32221 -1 -2
12687 -1 12855 -1 18523 -1 -2
12495 -1 -2
10335 -1 12751 -1 18427 -1 18615 -1 18767 -1 -2
12675 -1 -2
12715 -1 -2
12691 -1 -2
10311 -1 10315 -1 -2
34917 -1 -2
12679 -1 -2
10315 -1 32209 -1 -2
33425 -1 33433 -1 33457 -1 33465 -1 52973 -1 -2
34917 -1 34921 -1 -2
18427 -1 18863 -1 -2
18875 -1 18879 -1 -2
32213 -1 -2
12375 -1 12423 -1 18871 -1 -2
18723 -1 -2
10295 -1 -2
12323 -1 -2
12683 -1 12695 -1 12703 -1 33461 -1 -2
12827 -1 12895 -1 -2
12423 -1 12467 -1 32217 -1 -2
34901 -1 -2
33437 -1 33441 -1 34913 -1 34929 -1 -2
10299 -1 10307 -1 10311 -1 10315 -1 -2
47949 -1 -2
12835 -1 12839 -1 12843 -1 12855 -1 12895 -1 -2
34909 -1 -2
32213 -1 -2
34885 -1 -2
12819 -1 -2
18603 -1 18683 -1 18787 -1 -2
12323 -1 -2
12783 -1 -2
34885 -1 -2
33429 -1 -2
12471 -1 12475 -1 12479 -1 12483 -1 12487 -1 12535 -1 12539 -1 30319 -1 47953 -1 47957 -1 -2
34917 -1 34921 -1 -2
18543 -1 -2
12799 -1 -2
10315 -1 -2
10335 -1 12463 -1 12687 -1 12827 -1 -2
34917 -1 -2
34913 -1 -2
12663 -1 12843 -1 12879 -1 -2
12483 -1 -2
10315 -1 12399 -1 12411 -1 33433 -1 33437 -1 33449 -1 33457 -1 52941 -1 52945 -1 52949 -1 52953 -1 52973 -1 52977 -1 52981 -1 -2
12331 -1 18723 -1 -2
12483 -1 -2
34889 -1 -2
12895 -1 -2
18411 -1 18419 -1 18447 -1 18487 -1 18511 -1 18567 -1 18603 -1 18615 -1 18647 -1 18671 -1 18695 -1 18731 -1 18751 -1 18779 -1 18787 -1 18799 -1 18807 -1 18831 -1 18839 -1 18847 -1 18855 -1 18863 -1 18871 -1 20807 -1 -2
18787 -1 -2
12431 -1 -2
12659 -1 -2
12687 -1 34905 -1 -2
12907 -1 -2
10315 -1 12431 -1 12621 -1 18863 -1 -2
18523 -1 18563 -1 -2
12411 -1 -2
34885 -1 34897 -1 -2
48575 -1 -2
12351 -1 12867 -1 35161 -1 35173 -1 47265 -1 47273 -1 47277 -1 47281 -1 -2
10315 -1 12875 -1 -2
10299 -1 10303 -1 10307 -1 12411 -1 47945 -1 -2
10335 -1 -2
10295 -1 10307 -1 10335 -1 12487 -1 12531 -1 12827 -1 30319 -1 -2
35185 -1 -2
47277 -1 -2
12783 -1 -2
12715 -1 -2
10829 -1 10849 -1 10853 -1 10857 -1 10861 -1 10865 -1 12299 -1 12343 -1 12355 -1 12367 -1 12371 -1 12375 -1 12395 -1 12399 -1 12403 -1 12407 -1 12411 -1 12419 -1 12431 -1 12435 -1 12443 -1 12447 -1 12451 -1 12459 -1 12463 -1 12467 -1 12471 -1 12475 -1 12483 -1 12487 -1 12491 -1 12495 -1 12523 -1 12527 -1 12531 -1 12679 -1 12683 -1 12687 -1 12691 -1 12695 -1 12703 -1 12795 -1 12799 -1 12803 -1 12807 -1 12823 -1 12827 -1 12831 -1 12835 -1 12839 -1 12847 -1 12851 -1 12855 -1 12859 -1 12863 -1 12867 -1 12871 -1 12875 -1 12879 -1 12883 -1 12887 -1 12891 -1 12895 -1 12899 -1 12903 -1 18419 -1 18423 -1 18427 -1 18431 -1 18439 -1 18443 -1 18447 -1 18451 -1 18459 -1 18539 -1 18543 -1 18547 -1 18551 -1 18555 -1 18559 -1 18563 -1 18567 -1 18571 -1 18583 -1 18587 -1 18595 -1 18599 -1 18603 -1 18611 -1 18615 -1 18619 -1 18627 -1 18631 -1 18635 -1 18639 -1 18643 -1 18647 -1 18651 -1 18655 -1 18659 -1 18663 -1 18671 -1 18675 -1 18679 -1 18683 -1 18743 -1 18747 -1 18751 -1 18755 -1 18759 -1 18763 -1 18767 -1 33425 -1 33429 -1 33433 -1 33437 -1 33441 -1 33445 -1 33449 -1 33453 -1 33457 -1 33465 -1 34885 -1 34889 -1 34893 -1 34897 -1 34901 -1 34905 -1 34909 -1 34913 -1 34917 -1 34921 -1 34925 -1 34929 -1 35149 -1 35153 -1 35157 -1 35161 -1 35165 -1 35169 -1 35177 -1 35181 -1 35185 -1 35189 -1 35193 -1 35197 -1 35201 -1 35205 -1 35209 -1 -2
10315 -1 -2
10335 -1 -2
12591 -1 47687 -1 48575 -1 -2
12735 -1 12759 -1 -2
10311 -1 10315 -1 12483 -1 12487 -1 12559 -1 12875 -1 48659 -1 48711 -1 -2
47277 -1 -2
12883 -1 -2
12523 -1 -2
34885 -1 -2
12679 -1 -2
18423 -1 -2
12351 -1 -2
12823 -1 -2
12895 -1 -2
12355 -1 -2
12679 -1 12683 -1 33429 -1 33449 -1 33453 -1 52973 -1 -2
35157 -1 -2
12403 -1 12411 -1 18631 -1 18643 -1 51929 -1 -2
33433 -1 33445 -1 48707 -1 48711 -1 -2
18447 -1 48711 -1 -2
12739 -1 12779 -1 32197 -1 -2
12483 -1 18411 -1 -2
12767 -1 12771 -1 -2
12603 -1 18855 -1 -2
34897 -1 -2
12627 -1 12715 -1 -2
12743 -1 12767 -1 -2
12663 -1 -2
33449 -1 35157 -1 -2
12615 -1 12787 -1 18619 -1 -2
47949 -1 -2
34925 -1 34929 -1 -2
18691 -1 18779 -1 -2
33441 -1 33445 -1 -2
10315 -1 -2
10315 -1 -2
18631 -1 -2
12895 -1 -2
18423 -1 18527 -1 18691 -1 18703 -1 18707 -1 18727 -1 18731 -1 -2
18863 -1 -2
12703 -1 -2
34921 -1 47953 -1 -2
47957 -1 -2
12795 -1 12819 -1 12831 -1 -2
12711 -1 12715 -1 12719 -1 12743 -1 12763 -1 -2
12711 -1 12715 -1 12719 -1 -2
12603 -1 12711 -1 12719 -1 -2
12711 -1 12715 -1 12719 -1 -2
12895 -1 32209 -1 33429 -1 -2
18427 -1 -2
34889 -1 -2
18787 -1 -2
10335 -1 -2
12895 -1 -2
12871 -1 12895 -1 33429 -1 -2
12675 -1 -2
12711 -1 18499 -1 47965 -1 -2
12483 -1 12487 -1 12703 -1 12839 -1 12879 -1 -2
47965 -1 -2
12431 -1 34917 -1 34925 -1 48679 -1 -2
12531 -1 12611 -1 12615 -1 12621 -1 12703 -1 12747 -1 12755 -1 12767 -1 12771 -1 12783 -1 12787 -1 18619 -1 -2
34889 -1 -2
12883 -1 -2
48667 -1 48675 -1 48679 -1 -2
12523 -1 12643 -1 12823 -1 -2
12483 -1 12487 -1 18515 -1 35213 -1 47687 -1 -2
12643 -1 12695 -1 12823 -1 -2
18643 -1 -2
34889 -1 -2
10315 -1 -2
18875 -1 -2
12867 -1 -2
18643 -1 -2
32205 -1 -2
34897 -1 -2
12895 -1 -2
10295 -1 10299 -1 10303 -1 10311 -1 10315 -1 12487 -1 12527 -1 12607 -1 12621 -1 18411 -1 18415 -1 32213 -1 33433 -1 33437 -1 33453 -1 33465 -1 -2
12747 -1 12751 -1 -2
34885 -1 34893 -1 -2
12483 -1 12487 -1 34905 -1 48707 -1 -2
18523 -1 -2
10315 -1 -2
34889 -1 34893 -1 34901 -1 34921 -1 -2
12731 -1 -2
12659 -1 -2
10295 -1 -2
12703 -1 -2
12855 -1 -2
10315 -1 12431 -1 12621 -1 18863 -1 -2
12611 -1 -2
12747 -1 12763 -1 12775 -1 12779 -1 -2
10311 -1 12483 -1 12487 -1 12875 -1 -2
10307 -1 -2
10315 -1 32205 -1 32213 -1 -2
34889 -1 34905 -1 -2
12463 -1 -2
12635 -1 -2
18423 -1 -2
12603 -1 12611 -1 12615 -1 12621 -1 12755 -1 18707 -1 52425 -1 -2
34893 -1 -2
48643 -1 48667 -1 48679 -1 48683 -1 48687 -1 48703 -1 -2
10291 -1 10295 -1 10861 -1 12811 -1 12895 -1 -2
12839 -1 -2
47957 -1 -2
20807 -1 -2
10311 -1 10315 -1 12743 -1 12759 -1 12763 -1 12895 -1 -2
34909 -1 -2
12487 -1 -2
18723 -1 -2
12679 -1 34921 -1 -2
12591 -1 -2
10295 -1 10307 -1 12695 -1 12815 -1 12895 -1 33433 -1 33453 -1 52973 -1 -2
47957 -1 -2
34889 -1 34893 -1 34901 -1 34921 -1 -2
10315 -1 -2
34893 -1 -2
10307 -1 -2
18879 -1 -2
10299 -1 10307 -1 10311 -1 10315 -1 -2
12463 -1 12691 -1 -2
12367 -1 12431 -1 18487 -1 18871 -1 -2
10315 -1 -2
18871 -1 18879 -1 -2
12703 -1 -2
10853 -1 -2
10331 -1 10335 -1 -2
48663 -1 -2
18547 -1 -2
12895 -1 -2
10295 -1 10307 -1 12695 -1 33449 -1 48707 -1 -2
12715 -1 -2
12715 -1 18879 -1 48675 -1 48687 -1 -2
18643 -1 47945 -1 47949 -1 -2
12527 -1 12691 -1 12795 -1 12815 -1 33429 -1 33445 -1 33449 -1 33465 -1 52973 -1 -2
10315 -1 -2
12495 -1 -2
12711 -1 47965 -1 -2
12683 -1 12695 -1 -2
18499 -1 -2
12487 -1 12703 -1 -2
18507 -1 18523 -1 -2
47695 -1 -2
12715 -1 32209 -1 -2
12435 -1 12567 -1 -2
12823 -1 12871 -1 -2
10291 -1 10295 -1 10299 -1 10307 -1 10327 -1 12535 -1 12539 -1 12635 -1 12695 -1 12771 -1 33433 -1 33437 -1 33441 -1 33449 -1 33453 -1 33457 -1 33461 -1 33465 -1 34901 -1 52941 -1 52945 -1 52949 -1 52957 -1 52961 -1 52965 -1 52969 -1 52973 -1 52977 -1 52981 -1 52985 -1 -2
12723 -1 -2
12655 -1 -2
10315 -1 -2
12407 -1 48655 -1 48663 -1 48667 -1 48675 -1 -2
10315 -1 -2
34885 -1 34893 -1 -2
12751 -1 -2
10331 -1 10335 -1 -2
12447 -1 47703 -1 -2
47945 -1 -2
10307 -1 -2
12695 -1 -2
12695 -1 -2
12347 -1 12475 -1 12755 -1 18543 -1 18743 -1 18787 -1 18799 -1 18855 -1 18871 -1 -2
18523 -1 -2
10315 -1 12695 -1 12703 -1 -2
12759 -1 -2
10315 -1 34893 -1 34897 -1 -2
32205 -1 32213 -1 -2
10315 -1 10335 -1 -2
10311 -1 -2
10311 -1 34893 -1 -2
12431 -1 -2
10315 -1 10335 -1 12479 -1 12483 -1 12487 -1 12495 -1 12723 -1 12727 -1 12831 -1 12875 -1 -2
12747 -1 -2
12723 -1 12727 -1 -2
10311 -1 12483 -1 12487 -1 12703 -1 32213 -1 -2
12659 -1 -2
10311 -1 12703 -1 12875 -1 32213 -1 34893 -1 -2
10315 -1 12431 -1 12621 -1 18863 -1 -2
32209 -1 -2
34889 -1 34905 -1 -2
34921 -1 34925 -1 -2
18411 -1 -2
12739 -1 12767 -1 -2
10291 -1 12535 -1 12647 -1 12651 -1 12655 -1 12691 -1 12819 -1 18523 -1 -2
34885 -1 -2
10295 -1 10307 -1 10315 -1 12703 -1 -2
12483 -1 -2
12487 -1 33433 -1 -2
10311 -1 12483 -1 -2
12571 -1 -2
12603 -1 12621 -1 12635 -1 18423 -1 18727 -1 47949 -1 -2
34893 -1 -2
18675 -1 18707 -1 18847 -1 -2
12663 -1 -2
12411 -1 -2
12723 -1 12739 -1 12743 -1 12759 -1 -2
10315 -1 12763 -1 -2
47687 -1 47695 -1 47703 -1 48575 -1 -2
33429 -1 -2
12679 -1 12683 -1 12827 -1 12895 -1 32209 -1 33461 -1 52973 -1 -2
12715 -1 -2
12603 -1 12647 -1 12651 -1 12655 -1 12735 -1 -2
12371 -1 34909 -1 -2
10343 -1 48639 -1 48647 -1 48703 -1 -2
18527 -1 -2
10311 -1 10315 -1 12487 -1 12571 -1 12603 -1 12607 -1 12611 -1 12615 -1 12621 -1 12663 -1 12667 -1 12679 -1 32201 -1 32205 -1 32209 -1 32213 -1 -2
12503 -1 -2
10315 -1 12831 -1 -2
12663 -1 -2
18423 -1 -2